double vector mul cpp
462
359
276
302
290
333
372
402
413
421
126
144
188
235
283
298
342
408
413
441
148
201
216
283
294
345
356
458
459
408
99
158
195
260
271
285
338
376
386
381
109
195
212
231
271
307
368
350
907
375
78
137
185
221
274
320
348
376
405
402
130
196
223
232
292
358
340
347
421
368
108
162
200
246
289
321
321
371
431
410
126
160
204
257
276
308
346
380
480
375
92
140
167
193
222
242
276
270
317
336
double vector mul asm
229
228
245
222
234
236
195
170
203
250
150
143
138
142
133
167
144
146
172
204
126
144
126
126
141
172
144
149
139
177
135
144
130
132
141
172
141
152
139
175
99
150
133
126
133
170
142
126
164
177
93
145
137
137
139
167
139
151
139
184
94
82
138
132
139
164
149
155
142
179
90
95
129
139
145
174
138
146
144
189
94
85
100
141
141
166
137
144
142
178
93
85
98
126
127
166
145
149
137
183
