float float sum cpp
101
25
23
20
21
21
21
21
21
20
21
21
21
22
20
20
22
22
20
21
21
21
21
20
22
20
21
21
21
28
22
21
21
22
20
20
21
20
21
22
21
20
21
20
22
21
21
21
20
20
21
20
21
20
20
20
20
21
21
20
21
21
21
21
21
21
20
20
21
22
21
21
21
20
21
21
21
21
21
22
21
21
20
21
21
20
21
21
20
21
21
20
22
19
21
21
22
21
21
21
21
21
21
20
22
22
20
20
22
20
20
21
20
20
21
21
21
21
22
21
20
22
20
21
21
20
20
22
21
20
22
21
21
20
21
21
20
21
21
22
21
21
21
21
22
21
21
20
22
21
21
19
21
20
20
21
20
21
21
21
20
19
20
21
21
20
21
20
21
20
21
21
22
21
20
21
21
19
20
22
21
22
21
21
21
21
21
20
21
20
20
21
20
20
21
21
20
21
20
21
21
22
20
22
21
21
21
20
21
20
21
20
21
20
21
22
20
20
21
21
22
21
22
22
21
21
20
20
21
20
22
21
21
20
20
22
21
22
21
20
21
21
21
23
21
21
21
21
20
21
20
20
21
21
21
22
21
22
21
21
20
22
21
20
20
22
22
21
22
22
21
21
21
21
22
21
21
21
22
21
21
21
21
21
22
21
21
20
21
21
20
20
20
21
21
21
22
20
21
19
21
20
22
20
22
19
21
20
21
20
21
21
22
20
22
20
22
21
21
20
22
20
22
21
21
21
21
21
20
20
21
20
22
20
21
20
21
20
22
22
22
21
21
21
22
20
21
20
22
20
21
19
21
20
20
20
21
20
21
22
22
21
20
21
21
21
22
21
21
20
21
22
22
20
21
19
21
20
21
20
20
20
21
20
20
21
20
21
21
20
20
21
21
19
21
20
21
20
21
20
21
22
21
21
21
19
22
20
23
20
22
19
22
20
20
20
21
22
20
21
22
21
22
21
21
22
21
22
22
21
21
23
22
22
21
22
21
20
21
21
22
20
21
19
21
20
22
21
21
20
21
21
21
21
20
21
21
22
21
21
20
21
21
22
20
21
19
21
20
20
21
21
22
21
21
22
21
20
21
20
21
22
21
22
21
20
22
21
22
21
21
20
21
20
21
21
21
21
21
21
float float sum asm
42
22
21
23
22
21
21
21
284
277
277
283
276
278
277
278
277
276
277
278
277
278
277
276
277
277
278
276
277
278
277
277
278
276
277
277
276
277
277
277
275
276
278
280
278
278
277
276
278
277
278
279
278
278
277
277
277
279
280
278
277
278
277
276
278
280
279
278
277
279
277
278
277
280
278
279
276
277
278
279
278
277
277
278
277
276
278
279
277
276
277
278
278
280
278
278
278
275
276
278
278
279
276
276
278
277
278
278
276
278
276
277
276
276
277
276
275
279
278
278
277
277
279
277
278
278
278
277
277
277
279
279
276
279
278
279
278
322
293
309
294
301
318
314
308
309
329
300
308
293
309
289
296
302
304
304
285
287
284
297
300
290
303
290
304
290
304
313
314
293
303
292
306
312
308
306
300
300
309
302
329
325
319
297
338
307
287
286
313
318
329
314
329
313
311
314
305
325
335
336
424
287
277
305
320
330
314
319
319
323
333
333
421
286
278
320
312
327
341
316
323
311
336
326
335
412
402
277
279
329
336
321
320
313
316
343
342
431
284
274
278
278
276
284
318
330
330
311
318
312
332
335
420
393
275
277
276
276
319
312
324
343
325
313
321
325
338
309
291
292
288
290
290
299
318
336
323
322
305
335
335
326
291
290
291
290
296
290
322
334
325
325
321
311
331
338
286
289
289
286
296
288
291
321
334
324
325
320
320
331
338
293
290
289
290
321
330
326
327
304
298
305
322
329
331
319
291
293
287
292
305
326
334
324
308
322
289
305
305
312
315
288
320
311
336
328
337
293
293
287
297
326
329
317
330
316
317
302
304
327
337
323
301
289
288
317
328
321
312
310
287
296
306
330
327
331
310
289
289
289
302
340
328
309
316
296
291
295
285
289
294
295
284
320
296
309
310
317
306
331
330
337
292
288
293
311
336
334
316
312
325
307
295
292
311
287
297
305
312
294
320
326
308
315
327
326
331
288
288
289
294
296
287
290
292
288
295
291
287
288
288
287
287
292
287
295
287
290
290
299
289
290
292
286
289
290
290
288
289
290
292
286
291
288
290
288
284
295
288
295
291
289
291
291
291
294
291
286
290
290
291
297
289
294
288
291
291
291
289
293
292
288
307
325
289
288
290
287
291
294
float float mul cpp
49
25
21
22
22
33
23
21
23
21
21
26
21
22
23
22
23
21
21
23
21
22
28
22
22
22
21
23
20
21
21
21
22
23
23
21
25
23
28
22
22
21
22
22
21
23
21
21
23
26
24
23
20
23
21
21
22
20
22
21
22
20
23
22
20
22
23
22
22
23
23
26
23
24
24
22
21
21
23
22
23
23
22
20
22
25
23
21
22
21
22
22
22
20
28
23
23
20
22
26
23
22
22
22
23
25
23
23
22
21
22
22
23
22
23
20
22
22
22
24
22
21
20
21
22
23
20
19
22
22
22
23
21
20
20
22
22
23
26
21
22
22
22
25
23
21
24
21
20
21
23
30
30
22
21
23
21
23
22
23
24
22
21
22
20
22
23
22
21
26
22
21
22
22
22
24
22
26
23
21
24
22
23
21
21
22
20
20
22
23
21
20
21
23
28
22
23
23
22
22
24
22
22
21
23
23
21
24
21
24
21
22
23
21
22
22
22
21
21
21
20
23
21
22
22
22
21
24
22
21
20
24
22
22
23
21
26
21
23
27
23
22
26
23
23
23
21
26
23
23
22
20
22
20
27
23
21
25
22
21
21
22
22
23
22
21
22
25
20
21
26
23
21
27
21
20
23
22
21
21
20
24
23
20
22
21
23
21
21
22
26
23
22
25
21
22
20
23
22
22
22
21
21
26
23
27
27
30
23
27
22
21
22
21
23
22
21
24
23
21
23
22
22
23
22
22
21
22
22
25
21
22
21
22
21
23
21
26
22
22
24
23
23
21
21
23
21
21
25
34
35
23
22
22
24
23
25
21
21
21
23
23
25
25
21
23
24
22
23
22
22
21
23
22
22
21
21
21
22
23
24
22
21
20
21
21
21
22
24
22
24
20
22
21
23
21
22
24
22
22
22
21
20
24
23
22
23
23
21
22
21
23
21
20
25
21
21
23
24
28
20
23
22
21
22
24
22
23
21
21
23
22
22
26
23
23
21
20
22
26
23
24
22
23
20
21
21
21
23
22
24
21
23
24
22
21
22
22
22
21
23
21
22
22
22
25
22
23
22
21
24
22
22
22
24
30
28
33
24
22
20
24
23
22
27
21
23
29
26
37
28
30
29
24
26
23
33
32
23
21
float float mul asm
330
292
298
319
292
297
294
291
305
295
289
308
319
316
335
307
321
318
291
291
290
291
287
289
293
292
294
290
288
289
290
288
291
290
285
296
290
286
292
294
288
289
287
292
292
288
292
291
291
290
293
292
291
296
289
289
293
292
291
294
294
294
286
289
285
293
290
291
294
295
288
291
291
291
294
291
293
295
291
294
293
286
308
329
454
287
277
277
277
279
279
278
277
279
279
279
278
277
280
278
280
277
278
278
279
278
280
279
278
277
278
279
278
278
278
279
277
277
278
278
279
278
280
276
279
276
279
279
277
278
278
278
277
279
279
279
278
278
278
280
278
280
280
280
279
279
279
279
279
281
279
280
278
279
281
279
280
279
279
279
279
280
277
279
279
279
280
279
279
280
278
279
278
279
277
276
278
279
279
277
278
277
277
278
281
278
278
278
280
279
277
279
276
277
278
278
277
277
277
280
279
278
278
278
279
278
277
277
279
280
277
279
280
278
279
279
278
278
279
278
279
278
277
279
277
278
279
278
278
279
279
278
278
279
279
278
277
280
280
278
277
278
279
277
279
280
279
279
279
279
280
279
279
279
279
280
280
278
278
278
278
278
278
278
278
279
280
278
278
278
277
278
279
278
277
277
278
279
278
277
277
277
280
276
278
278
276
277
277
279
277
279
276
279
278
277
280
279
275
279
280
278
277
278
277
279
281
278
277
278
281
280
280
281
278
278
280
281
280
281
278
280
279
280
281
278
279
278
278
277
278
280
279
277
279
278
278
279
280
278
279
278
280
277
278
277
278
279
277
278
277
277
277
278
278
278
276
279
278
278
275
279
279
278
278
278
275
278
280
277
277
279
276
277
279
280
278
279
280
278
278
279
277
277
280
281
279
279
278
279
281
279
279
281
277
280
279
279
279
279
279
279
281
278
281
279
279
280
277
279
278
277
280
277
278
278
277
277
278
278
278
278
278
279
279
277
278
279
277
280
279
278
278
279
276
278
278
279
276
280
277
278
276
278
278
276
279
279
278
278
277
279
279
280
278
277
279
278
280
278
279
278
279
281
280
280
278
279
280
279
278
281
278
280
279
280
279
279
280
278
281
278
279
278
277
277
279
277
278
280
280
277
280
277
279
277
277
281
280
277
double double sum cpp
56
21
22
21
20
21
22
21
21
21
21
21
20
22
20
21
21
22
23
22
20
21
20
21
22
21
21
21
22
20
21
22
20
21
21
20
21
21
20
20
21
23
22
22
21
21
21
21
20
21
20
20
22
21
22
22
22
21
21
21
21
22
22
21
20
20
20
21
21
21
20
21
21
22
22
21
20
21
20
22
21
20
21
21
22
21
21
21
22
21
21
21
21
21
22
20
20
22
22
21
21
21
20
20
22
21
21
20
22
21
20
22
21
22
20
21
22
21
21
21
21
21
21
22
21
21
21
21
22
21
22
20
21
21
21
21
21
21
22
22
20
21
22
21
21
20
22
20
20
23
21
21
20
21
20
22
21
22
21
21
21
20
20
22
22
21
22
22
22
21
21
21
21
21
22
21
22
20
22
22
21
21
21
21
21
21
22
21
21
20
21
21
21
22
22
20
20
22
21
21
20
21
22
22
22
20
22
20
21
20
22
22
19
22
21
22
21
21
22
21
21
20
20
21
21
20
21
20
21
22
22
21
20
20
22
22
21
21
21
20
21
21
22
21
22
20
22
21
21
21
20
20
21
21
21
20
21
21
21
21
21
21
20
22
22
21
21
21
21
21
21
21
22
23
22
21
21
21
21
21
21
22
20
21
20
21
22
22
21
21
20
20
20
22
22
22
22
21
20
20
21
21
20
21
22
21
21
21
21
21
21
20
22
22
21
21
21
21
20
20
21
22
22
21
20
21
22
20
20
19
20
21
22
20
21
21
21
23
22
22
22
21
22
21
21
20
21
22
22
21
20
20
22
22
20
20
21
21
21
22
21
21
21
20
22
21
21
22
21
23
22
20
20
22
20
21
20
20
21
20
22
21
22
21
21
23
21
20
20
21
20
22
21
21
21
21
21
22
22
21
21
21
21
21
21
21
21
21
21
21
21
21
20
20
20
20
21
20
21
21
21
22
21
21
21
21
20
20
22
22
22
20
22
21
21
21
20
22
22
21
21
22
21
21
21
20
21
22
21
22
22
20
20
22
21
22
21
22
21
22
21
21
21
21
21
21
21
21
20
21
21
20
21
22
22
22
21
21
21
20
21
20
21
22
21
21
21
21
20
21
21
20
21
21
21
22
21
20
21
21
double double sum asm
294
277
276
276
280
277
279
277
279
278
276
278
277
278
277
278
276
276
276
276
276
277
278
277
278
276
276
279
277
276
277
276
277
277
280
277
277
277
278
278
275
278
276
276
277
276
277
277
276
277
277
278
278
277
277
278
276
277
277
276
276
275
277
277
276
278
277
277
278
279
278
279
279
278
277
277
277
280
276
279
278
278
282
279
278
279
277
277
279
278
276
280
279
277
277
276
278
277
279
277
276
278
278
278
276
275
275
276
277
278
277
277
278
277
277
277
278
278
278
277
277
278
276
277
278
277
277
278
277
277
279
277
277
277
277
278
278
278
276
277
277
278
278
276
277
278
277
279
277
278
277
279
279
277
278
277
278
278
279
278
278
278
279
279
278
278
277
277
278
277
279
278
278
277
279
279
279
277
278
278
278
280
277
278
278
279
277
277
279
277
278
277
276
277
277
277
278
278
279
276
278
277
278
278
276
277
277
278
277
277
279
277
277
278
279
277
277
279
276
278
279
276
279
279
277
277
278
279
279
278
278
278
277
278
279
277
277
279
279
277
278
277
279
278
279
277
276
277
278
279
278
278
277
277
276
278
279
277
277
278
277
278
278
278
278
275
278
278
277
277
277
277
276
278
277
276
278
278
276
277
277
277
277
276
277
276
277
277
277
276
277
277
276
276
277
279
277
277
277
277
278
278
277
279
278
277
279
277
279
277
277
278
278
279
278
280
278
277
279
278
278
278
280
279
278
279
278
277
277
279
278
279
278
278
277
278
278
279
277
275
277
279
279
278
277
277
276
277
279
277
277
279
278
277
277
278
277
278
277
279
277
278
276
275
277
276
277
277
275
279
278
277
277
277
276
277
277
279
277
277
277
278
278
277
277
277
277
278
278
278
279
279
278
279
278
277
280
277
278
279
279
280
277
277
278
278
278
279
281
278
277
280
278
277
279
280
278
280
279
278
278
277
279
278
279
277
278
276
278
277
279
276
276
276
277
277
277
277
277
277
277
278
278
277
278
276
277
277
278
278
278
276
279
279
278
277
277
277
276
279
278
276
279
278
276
278
278
276
276
277
277
278
279
278
280
278
278
277
278
278
278
279
278
278
278
278
279
279
277
279
279
278
280
278
277
279
279
277
278
281
double double mul cpp
43
21
21
20
23
30
29
21
22
22
22
21
22
21
21
21
21
20
20
19
28
20
21
21
22
21
21
20
21
20
21
20
20
21
21
20
21
19
21
22
22
22
21
22
21
20
20
20
21
20
21
20
22
20
21
22
21
21
21
21
20
20
21
20
22
22
21
21
21
21
21
20
22
21
20
21
21
21
21
21
21
20
21
21
21
20
21
20
20
20
22
21
21
20
21
20
20
21
21
20
21
20
21
21
22
20
21
20
21
20
22
20
20
20
21
21
20
20
21
21
22
21
22
22
21
21
21
20
21
21
22
21
21
21
21
22
22
21
20
20
20
21
20
22
23
20
20
21
20
21
20
21
20
21
22
21
21
21
22
20
20
21
20
21
20
21
21
20
21
23
20
21
21
21
21
20
21
21
21
22
22
21
21
21
21
21
20
21
22
21
21
21
20
21
21
22
21
22
20
21
21
21
22
22
21
21
22
21
20
21
22
22
19
21
22
20
20
20
21
21
21
23
21
20
21
22
21
21
20
21
21
20
22
21
21
21
21
20
21
21
21
22
21
21
21
21
22
23
22
21
22
21
21
23
22
21
22
21
21
21
22
21
20
21
21
21
22
23
21
21
21
21
21
22
22
22
20
21
21
20
21
20
22
22
21
20
20
20
23
20
21
21
21
21
22
21
20
21
21
22
22
21
20
20
21
22
21
22
20
21
22
22
19
20
20
22
21
22
21
21
20
20
21
22
21
22
19
20
20
19
21
21
21
21
20
21
21
21
20
21
21
19
21
22
22
21
21
20
21
20
21
21
20
21
20
21
21
20
21
22
21
21
20
20
21
21
22
21
20
21
22
21
20
21
21
21
20
21
21
21
20
21
21
20
21
21
21
22
22
21
21
21
20
21
21
21
20
22
22
21
20
21
22
21
21
21
22
22
21
21
20
21
19
20
21
21
20
21
21
20
22
20
20
20
21
21
21
22
23
21
21
21
22
21
21
21
19
21
21
21
21
21
20
21
21
22
21
21
22
22
21
21
22
21
19
21
20
22
21
23
22
22
21
20
21
22
22
22
23
21
22
21
21
21
21
22
21
22
21
22
22
21
22
21
21
21
21
20
20
21
21
20
22
20
19
21
22
22
21
21
double double mul asm
292
278
279
279
278
279
278
278
277
277
276
278
278
278
279
278
276
279
277
277
279
278
278
279
279
278
279
278
277
279
279
279
277
281
281
276
278
280
277
279
279
279
277
278
279
278
278
278
278
278
279
278
280
279
278
280
276
279
277
276
278
278
278
278
277
279
277
279
277
280
278
279
278
278
278
278
277
278
279
277
277
280
279
277
279
278
278
278
278
277
279
279
277
280
277
278
278
277
279
277
277
278
279
278
278
279
279
278
279
279
280
277
281
282
278
279
280
279
279
279
280
278
278
278
279
280
278
278
279
279
280
279
277
279
277
279
278
277
275
279
279
276
278
277
278
276
278
277
277
278
277
281
278
277
280
278
276
280
278
279
280
277
278
278
278
280
277
280
278
278
279
276
277
278
278
277
281
278
279
278
279
279
279
278
280
280
277
281
278
278
279
280
279
279
278
280
279
280
277
279
279
279
279
279
278
279
279
279
279
281
278
278
278
277
279
279
277
276
280
278
278
277
277
279
278
278
277
279
279
279
278
278
277
277
278
277
278
278
277
279
277
278
278
280
278
278
279
278
278
277
279
277
278
278
278
278
279
279
281
278
279
280
280
277
280
280
280
280
280
280
279
278
280
279
280
277
279
280
279
278
279
277
279
279
278
279
278
278
279
278
277
280
278
279
277
278
279
279
278
279
279
278
277
277
278
278
278
277
277
279
278
278
279
278
276
279
278
278
279
278
278
278
278
277
279
278
279
278
279
278
277
279
279
277
278
278
278
279
278
278
277
277
280
279
279
280
281
280
279
280
278
280
276
279
279
281
278
280
278
279
280
278
279
279
279
278
278
278
277
278
277
279
277
278
278
279
279
277
278
280
277
279
276
280
278
277
278
277
278
276
277
278
279
278
277
278
278
279
278
277
279
277
279
279
278
279
278
278
279
280
277
280
277
279
279
278
280
280
280
279
280
278
279
277
279
280
278
278
279
279
279
279
280
278
279
280
280
277
278
280
280
279
278
281
280
278
278
279
278
279
280
279
278
278
278
278
278
278
279
279
278
278
280
277
279
277
279
277
279
276
277
277
280
275
279
278
278
277
279
278
278
279
279
279
276
277
279
279
278
278
279
278
277
280
277
279
278
279
278
278
